,M+1,M+2,M+3,M+4
0,,,,
1,,,,
2,,,,
3,,,,
4,,,,
5,,,,
6,,,,
7,,,,
8,,,,
9,,,,
10,,,,
11,,,,
12,,,,
13,,,,
14,,,,
15,,,,
16,,,,
17,,,,
18,,,,
19,,,,
20,,,,
21,,,,
22,,,,
23,,,,
24,,,,
25,,,,
26,,,,
27,,,,
28,0.0,1.0,0.0,0.0
29,0.0,1.0,0.0,0.0
30,0.0,1.0,0.0,0.0
31,0.0,1.0,0.0,0.0
32,0.0,1.0,0.0,0.0
33,0.0,1.0,0.0,0.0
34,0.0,1.0,0.0,0.0
35,0.0,1.0,0.0,0.0
36,0.0,1.0,0.0,0.0
37,0.0,1.0,0.0,0.0
38,0.0,1.0,0.0,0.0
39,0.0,1.0,0.0,0.0
40,0.0,1.0,0.0,0.0
41,0.0,1.0,0.0,0.0
42,0.0,1.0,0.0,0.0
43,0.0,1.0,0.0,0.0
44,0.0,1.0,0.0,0.0
45,0.0,1.0,0.0,0.0
46,0.0,1.0,0.0,0.0
47,0.0,1.0,0.0,0.0
48,0.0,0.9,0.10000000000000002,0.0
49,0.0,0.9,0.10000000000000002,0.0
50,0.0,0.8888888888888888,0.1111111111111111,0.0
51,0.0,0.8888888888888888,0.1111111111111111,0.0
52,0.0,0.923076923076923,0.07692307692307691,0.0
53,0.0,0.9333333333333333,0.06666666666666667,0.0
54,0.0,0.9375,0.0625,0.0
55,0.0,0.9333333333333333,0.06666666666666667,0.0
56,0.0,0.9333333333333333,0.06666666666666667,0.0
57,0.0,0.9473684210526315,0.052631578947368425,0.0
58,0.0,0.9411764705882353,0.058823529411764705,0.0
59,0.0,0.9444444444444444,0.05555555555555555,0.0
60,0.0,0.9473684210526315,0.052631578947368425,0.0
61,0.0,0.9473684210526315,0.052631578947368425,0.0
62,0.0,0.894736842105263,0.05263157894736841,0.05263157894736841
63,0.0,0.894736842105263,0.05263157894736841,0.05263157894736841
64,0.0,0.894736842105263,0.05263157894736841,0.05263157894736841
65,0.0,0.8823529411764705,0.058823529411764705,0.058823529411764705
66,0.0,0.8888888888888888,0.05555555555555555,0.05555555555555555
67,0.0,0.8823529411764705,0.058823529411764705,0.058823529411764705
68,0.0,0.8421052631578946,0.10526315789473682,0.05263157894736841
69,0.0,0.8333333333333333,0.1111111111111111,0.05555555555555555
70,0.0,0.8333333333333333,0.1111111111111111,0.05555555555555555
71,0.0,0.8421052631578946,0.10526315789473682,0.05263157894736841
72,0.0,0.8499999999999999,0.09999999999999998,0.04999999999999999
73,0.0,0.894736842105263,0.05263157894736841,0.05263157894736841
74,0.0,0.9166666666666666,0.041666666666666664,0.041666666666666664
75,0.0,0.9259259259259258,0.037037037037037035,0.037037037037037035
76,0.0,0.923076923076923,0.03846153846153846,0.03846153846153846
77,0.0,0.923076923076923,0.03846153846153846,0.03846153846153846
78,0.0,0.923076923076923,0.03846153846153846,0.03846153846153846
79,0.0,0.9629629629629629,0.0,0.037037037037037035
80,0.0,0.96,0.0,0.04
81,0.0,0.9615384615384615,0.0,0.03846153846153846
82,0.0,0.9615384615384615,0.0,0.03846153846153846
83,0.0,0.9583333333333333,0.0,0.041666666666666664
84,0.0,0.9199999999999999,0.04,0.04
85,0.0,0.9259259259259258,0.037037037037037035,0.037037037037037035
86,0.0,0.9629629629629629,0.0,0.037037037037037035
87,0.0,0.9642857142857143,0.0,0.03571428571428571
88,0.0,0.9642857142857143,0.0,0.03571428571428571
89,0.0,0.9655172413793103,0.0,0.034482758620689655
90,0.0,0.9642857142857143,0.0,0.03571428571428571
91,0.0,0.9428571428571428,0.02857142857142857,0.02857142857142857
92,0.0,0.9411764705882353,0.029411764705882353,0.029411764705882353
93,0.0,0.9393939393939393,0.030303030303030304,0.030303030303030304
94,0.0,0.9090909090909091,0.030303030303030304,0.06060606060606061
95,0.0,0.9117647058823529,0.029411764705882353,0.058823529411764705
96,0.0,0.9375,0.03125,0.03125
97,0.0,0.9354838709677419,0.03225806451612903,0.03225806451612903
98,0.0,0.9310344827586207,0.034482758620689655,0.034482758620689655
99,0.0,0.9642857142857143,0.0,0.03571428571428571
100,0.0,0.9642857142857143,0.0,0.03571428571428571
101,0.0,0.9642857142857143,0.0,0.03571428571428571
102,0.0,0.9666666666666667,0.0,0.03333333333333333
103,0.0,0.9393939393939393,0.030303030303030304,0.030303030303030304
104,0.0,0.9444444444444444,0.027777777777777776,0.027777777777777776
105,0.0,0.9459459459459459,0.027027027027027025,0.027027027027027025
106,0.0,0.923076923076923,0.05128205128205128,0.02564102564102564
107,0.0,0.9249999999999999,0.05,0.025
108,0.0,0.9285714285714285,0.047619047619047616,0.023809523809523808
109,0.0,0.975,0.025,0.0
110,0.0,0.975609756097561,0.024390243902439025,0.0
111,0.0,0.9534883720930232,0.046511627906976744,0.0
112,0.0,0.9512195121951219,0.04878048780487805,0.0
113,0.0,0.95,0.05,0.0
114,0.0,0.9473684210526315,0.052631578947368425,0.0
115,0.0,0.9487179487179487,0.05128205128205128,0.0
116,0.0,0.9487179487179487,0.05128205128205128,0.0
117,0.0,0.9473684210526315,0.052631578947368425,0.0
118,0.0,0.95,0.05,0.0
119,0.0,0.9268292682926829,0.04878048780487805,0.024390243902439025
120,0.0,0.9249999999999999,0.05,0.025
121,0.0,0.923076923076923,0.05128205128205128,0.02564102564102564
122,0.0,0.923076923076923,0.05128205128205128,0.02564102564102564
123,0.0,0.9210526315789473,0.05263157894736841,0.026315789473684206
124,0.0,0.8888888888888888,0.08333333333333333,0.027777777777777776
125,0.0,0.8918918918918918,0.08108108108108107,0.027027027027027025
126,0.0,0.8421052631578946,0.10526315789473682,0.05263157894736841
127,0.0,0.8636363636363636,0.09090909090909091,0.045454545454545456
128,0.0,0.9069767441860465,0.046511627906976744,0.046511627906976744
129,0.0,0.9512195121951219,0.024390243902439025,0.024390243902439025
130,0.0,0.95,0.025,0.025
131,0.0,0.9512195121951219,0.024390243902439025,0.024390243902439025
132,0.0,0.9487179487179487,0.02564102564102564,0.02564102564102564
133,0.0,0.975609756097561,0.024390243902439025,0.0
134,0.0,0.9761904761904762,0.023809523809523808,0.0
135,0.0,0.9767441860465116,0.023255813953488372,0.0
136,0.0,0.9534883720930232,0.046511627906976744,0.0
137,0.0,0.9523809523809523,0.047619047619047616,0.0
138,0.0,0.9512195121951219,0.04878048780487805,0.0
139,0.0,0.9512195121951219,0.04878048780487805,0.0
140,0.0,0.9512195121951219,0.04878048780487805,0.0
141,0.0,0.9545454545454545,0.04545454545454545,0.0
142,0.0,0.9545454545454545,0.04545454545454545,0.0
143,0.0,0.9534883720930232,0.046511627906976744,0.0
144,0.0,0.95,0.05,0.0
145,0.0,0.95,0.05,0.0
146,0.0,0.9512195121951219,0.04878048780487805,0.0
147,0.0,0.9512195121951219,0.04878048780487805,0.0
148,0.0,0.95,0.05,0.0
149,0.0,0.9487179487179487,0.05128205128205128,0.0
150,0.0,0.9487179487179487,0.05128205128205128,0.0
151,0.0,0.9268292682926829,0.07317073170731707,0.0
152,0.0,0.9268292682926829,0.07317073170731707,0.0
153,0.0,0.9189189189189189,0.08108108108108107,0.0
154,0.0,0.9189189189189189,0.08108108108108107,0.0
155,0.0,0.9166666666666666,0.08333333333333333,0.0
156,0.0,0.894736842105263,0.10526315789473682,0.0
157,0.0,0.9249999999999999,0.075,0.0
158,0.025,0.8999999999999999,0.075,0.0
159,0.02127659574468085,0.9148936170212765,0.06382978723404255,0.0
160,0.02127659574468085,0.8936170212765958,0.0851063829787234,0.0
161,0.020408163265306124,0.8775510204081632,0.10204081632653063,0.0
162,0.0,0.9111111111111112,0.08888888888888889,0.0
163,0.0,0.9090909090909091,0.06818181818181818,0.022727272727272724
164,0.0,0.9148936170212765,0.06382978723404255,0.02127659574468085
165,0.0,0.9199999999999999,0.06,0.02
166,0.0,0.9199999999999999,0.06,0.02
167,0.0,0.9215686274509803,0.058823529411764705,0.0196078431372549
168,0.0,0.9183673469387754,0.061224489795918366,0.02040816326530612
169,0.0,0.9166666666666666,0.0625,0.020833333333333332
170,0.0,0.9019607843137254,0.0784313725490196,0.0196078431372549
171,0.0,0.9130434782608695,0.06521739130434782,0.021739130434782605
172,0.023255813953488372,0.8604651162790696,0.06976744186046512,0.046511627906976744
173,0.02222222222222222,0.8666666666666666,0.06666666666666667,0.04444444444444444
174,0.021739130434782605,0.8695652173913042,0.06521739130434782,0.04347826086956521
175,0.022727272727272724,0.8863636363636362,0.06818181818181818,0.022727272727272724
176,0.022727272727272724,0.8863636363636362,0.06818181818181818,0.022727272727272724
177,0.022727272727272724,0.8863636363636362,0.06818181818181818,0.022727272727272724
178,0.020833333333333332,0.875,0.08333333333333333,0.020833333333333332
179,0.02,0.8799999999999999,0.08,0.02
180,0.0196078431372549,0.9019607843137254,0.058823529411764705,0.0196078431372549
181,0.01923076923076923,0.9038461538461537,0.05769230769230769,0.01923076923076923
182,0.0196078431372549,0.9215686274509803,0.058823529411764705,0.0
183,0.02040816326530612,0.9183673469387754,0.061224489795918366,0.0
184,0.020833333333333332,0.9166666666666666,0.0625,0.0
185,0.02040816326530612,0.9183673469387754,0.061224489795918366,0.0
186,0.020833333333333332,0.9166666666666666,0.0625,0.0
187,0.020833333333333332,0.9375,0.041666666666666664,0.0
188,0.020833333333333332,0.9375,0.041666666666666664,0.0
189,0.02127659574468085,0.9361702127659574,0.0425531914893617,0.0
190,0.02040816326530612,0.8979591836734693,0.061224489795918366,0.02040816326530612
191,0.0196078431372549,0.9019607843137254,0.058823529411764705,0.0196078431372549
192,0.0,0.9183673469387754,0.061224489795918366,0.02040816326530612
193,0.0,0.923076923076923,0.05769230769230769,0.01923076923076923
194,0.0,0.9473684210526315,0.03508771929824561,0.017543859649122806
195,0.0,0.9180327868852458,0.04918032786885246,0.032786885245901634
196,0.0,0.9180327868852458,0.04918032786885246,0.032786885245901634
197,0.0,0.8983050847457626,0.05084745762711864,0.05084745762711864
198,0.0,0.8965517241379309,0.05172413793103448,0.05172413793103448
199,0.0,0.8983050847457626,0.05084745762711864,0.05084745762711864
200,0.0,0.8928571428571428,0.05357142857142856,0.05357142857142856
201,0.0,0.9090909090909091,0.05454545454545454,0.03636363636363636
202,0.0,0.9215686274509803,0.058823529411764705,0.0196078431372549
203,0.0,0.9245283018867924,0.056603773584905655,0.018867924528301886
204,0.0,0.9259259259259258,0.05555555555555555,0.018518518518518517
205,0.0,0.9215686274509803,0.058823529411764705,0.0196078431372549
206,0.0,0.923076923076923,0.05769230769230769,0.01923076923076923
207,0.0,0.94,0.06,0.0
208,0.0,0.9387755102040816,0.061224489795918366,0.0
209,0.0,0.9183673469387754,0.08163265306122448,0.0
210,0.0,0.9215686274509803,0.0784313725490196,0.0
211,0.0,0.9259259259259258,0.07407407407407407,0.0
212,0.0,0.9444444444444444,0.05555555555555556,0.0
213,0.0,0.9444444444444444,0.05555555555555556,0.0
214,0.0,0.9464285714285714,0.05357142857142857,0.0
215,0.0,0.9285714285714285,0.05357142857142857,0.017857142857142856
216,0.0,0.9285714285714285,0.05357142857142857,0.017857142857142856
217,0.0,0.9137931034482758,0.05172413793103448,0.034482758620689655
218,0.0,0.9180327868852458,0.04918032786885246,0.032786885245901634
219,0.0,0.8999999999999999,0.049999999999999996,0.049999999999999996
220,0.0,0.9180327868852458,0.04918032786885246,0.032786885245901634
221,0.0,0.9122807017543859,0.05263157894736842,0.03508771929824561
222,0.0,0.9107142857142857,0.07142857142857144,0.01785714285714286
223,0.0,0.9152542372881356,0.06779661016949153,0.01694915254237288
224,0.0,0.912280701754386,0.07017543859649124,0.01754385964912281
225,0.0,0.8983050847457628,0.08474576271186442,0.01694915254237288
226,0.0,0.8928571428571429,0.08928571428571429,0.017857142857142856
227,0.0,0.8833333333333333,0.08333333333333334,0.03333333333333333
228,0.0,0.8771929824561404,0.08771929824561403,0.03508771929824561
229,0.0,0.8909090909090909,0.07272727272727272,0.03636363636363636
230,0.0,0.8983050847457628,0.06779661016949153,0.03389830508474576
231,0.0,0.9016393442622951,0.06557377049180328,0.03278688524590164
232,0.0,0.9,0.06666666666666667,0.03333333333333333
233,0.0,0.9,0.06666666666666667,0.03333333333333333
234,0.0,0.894736842105263,0.05263157894736842,0.05263157894736842
235,0.0,0.890625,0.046875,0.0625
236,0.0,0.8923076923076924,0.046153846153846156,0.061538461538461535
237,0.015625,0.875,0.046875,0.0625
238,0.015151515151515152,0.8636363636363636,0.06060606060606061,0.06060606060606061
239,0.015151515151515152,0.8333333333333333,0.06060606060606061,0.09090909090909091
240,0.015625,0.828125,0.0625,0.09375
241,0.015151515151515152,0.8484848484848485,0.06060606060606061,0.07575757575757576
242,0.015873015873015872,0.8412698412698413,0.07936507936507936,0.06349206349206349
243,0.015384615384615384,0.8307692307692307,0.09230769230769231,0.061538461538461535
244,0.015625,0.84375,0.078125,0.0625
245,0.015151515151515152,0.8484848484848485,0.07575757575757576,0.06060606060606061
246,0.016129032258064516,0.8387096774193548,0.08064516129032258,0.06451612903225806
247,0.01639344262295082,0.8360655737704917,0.0819672131147541,0.06557377049180328
248,0.015873015873015872,0.8412698412698413,0.07936507936507936,0.06349206349206349
249,0.017241379310344827,0.8448275862068966,0.08620689655172413,0.05172413793103448
250,0.03278688524590164,0.8360655737704917,0.0819672131147541,0.04918032786885246
251,0.03389830508474576,0.8305084745762712,0.0847457627118644,0.05084745762711864
252,0.030769230769230767,0.8153846153846154,0.10769230769230768,0.046153846153846156
253,0.030769230769230767,0.8153846153846154,0.10769230769230768,0.046153846153846156
254,0.02816901408450704,0.8309859154929576,0.09859154929577464,0.04225352112676056
255,0.02816901408450704,0.8309859154929576,0.09859154929577464,0.04225352112676056
256,0.014492753623188404,0.8405797101449275,0.10144927536231883,0.043478260869565216
257,0.0136986301369863,0.8493150684931505,0.0958904109589041,0.0410958904109589
258,0.013513513513513513,0.8378378378378377,0.1081081081081081,0.040540540540540536
259,0.0,0.8472222222222223,0.125,0.02777777777777778
260,0.0,0.8472222222222223,0.125,0.02777777777777778
261,0.0,0.8421052631578948,0.13157894736842105,0.026315789473684213
262,0.0,0.8533333333333334,0.13333333333333333,0.013333333333333334
263,0.0,0.8513513513513514,0.12162162162162161,0.02702702702702703
264,0.0,0.8493150684931507,0.1232876712328767,0.027397260273972605
265,0.0,0.8493150684931507,0.1232876712328767,0.027397260273972605
266,0.0,0.8378378378378378,0.13513513513513514,0.02702702702702703
267,0.0,0.8450704225352114,0.1267605633802817,0.028169014084507046
268,0.0,0.8405797101449275,0.13043478260869562,0.02898550724637681
269,0.0,0.8428571428571429,0.1285714285714286,0.028571428571428574
270,0.0,0.8591549295774646,0.11267605633802816,0.02816901408450704
271,0.0,0.8656716417910447,0.1044776119402985,0.029850746268656716
272,0.0,0.8656716417910447,0.1044776119402985,0.029850746268656716
273,0.0,0.8787878787878788,0.10606060606060606,0.015151515151515152
274,0.0,0.8709677419354839,0.11290322580645161,0.016129032258064516
275,0.0,0.8548387096774194,0.11290322580645161,0.03225806451612903
276,0.0,0.8709677419354839,0.0967741935483871,0.03225806451612903
277,0.0,0.864406779661017,0.1016949152542373,0.03389830508474576
278,0.018518518518518517,0.8333333333333333,0.11111111111111112,0.037037037037037035
279,0.018867924528301886,0.8490566037735849,0.11320754716981132,0.018867924528301886
280,0.01694915254237288,0.847457627118644,0.11864406779661016,0.01694915254237288
281,0.03225806451612903,0.8387096774193548,0.11290322580645161,0.016129032258064516
282,0.03333333333333333,0.85,0.1,0.016666666666666666
283,0.03333333333333333,0.85,0.08333333333333334,0.03333333333333333
284,0.03448275862068965,0.8620689655172413,0.0689655172413793,0.03448275862068965
285,0.03278688524590164,0.8852459016393442,0.06557377049180328,0.01639344262295082
286,0.031746031746031744,0.873015873015873,0.06349206349206349,0.031746031746031744
287,0.03225806451612903,0.8387096774193548,0.0967741935483871,0.03225806451612903
288,0.030303030303030304,0.8484848484848485,0.09090909090909091,0.030303030303030304
289,0.030303030303030304,0.8333333333333333,0.09090909090909091,0.045454545454545456
290,0.029411764705882353,0.8382352941176471,0.08823529411764705,0.044117647058823525
291,0.02857142857142857,0.8428571428571427,0.0857142857142857,0.04285714285714285
292,0.02898550724637681,0.8695652173913042,0.07246376811594202,0.02898550724637681
293,0.02857142857142857,0.8714285714285713,0.07142857142857142,0.02857142857142857
294,0.029411764705882353,0.8676470588235293,0.07352941176470588,0.029411764705882353
295,0.02857142857142857,0.857142857142857,0.0857142857142857,0.02857142857142857
296,0.02816901408450704,0.8309859154929576,0.09859154929577464,0.04225352112676056
297,0.01408450704225352,0.8309859154929576,0.09859154929577464,0.05633802816901408
298,0.014285714285714285,0.8428571428571427,0.0857142857142857,0.05714285714285714
299,0.014705882352941176,0.8382352941176471,0.08823529411764705,0.058823529411764705
300,0.014285714285714285,0.8285714285714285,0.09999999999999999,0.05714285714285714
301,0.014925373134328358,0.8507462686567164,0.08955223880597014,0.04477611940298507
302,0.014705882352941176,0.8529411764705882,0.08823529411764705,0.044117647058823525
303,0.014705882352941176,0.8382352941176471,0.10294117647058823,0.044117647058823525
304,0.01408450704225352,0.8309859154929576,0.08450704225352113,0.0704225352112676
305,0.01408450704225352,0.8450704225352111,0.08450704225352113,0.05633802816901408
306,0.01408450704225352,0.8450704225352111,0.08450704225352113,0.05633802816901408
307,0.014285714285714285,0.857142857142857,0.0857142857142857,0.04285714285714285
308,0.014492753623188404,0.8550724637681159,0.08695652173913043,0.043478260869565216
309,0.014705882352941176,0.8529411764705882,0.08823529411764705,0.044117647058823525
310,0.016666666666666666,0.85,0.08333333333333334,0.05
311,0.015625,0.859375,0.078125,0.046875
312,0.015384615384615384,0.8615384615384615,0.07692307692307693,0.046153846153846156
313,0.014705882352941176,0.8382352941176471,0.08823529411764705,0.058823529411764705
314,0.02816901408450704,0.8732394366197183,0.0704225352112676,0.02816901408450704
315,0.0273972602739726,0.8767123287671232,0.0684931506849315,0.0273972602739726
316,0.0273972602739726,0.8630136986301369,0.0684931506849315,0.0410958904109589
317,0.02816901408450704,0.8591549295774646,0.0704225352112676,0.04225352112676056
318,0.026315789473684206,0.8684210526315789,0.06578947368421052,0.039473684210526314
319,0.04225352112676056,0.8873239436619718,0.04225352112676056,0.02816901408450704
320,0.040540540540540536,0.8918918918918918,0.040540540540540536,0.027027027027027025
321,0.03896103896103895,0.8961038961038961,0.03896103896103895,0.02597402597402597
322,0.039473684210526314,0.894736842105263,0.039473684210526314,0.026315789473684206
323,0.013888888888888888,0.9166666666666666,0.041666666666666664,0.027777777777777776
324,0.01408450704225352,0.9154929577464788,0.04225352112676056,0.02816901408450704
325,0.013513513513513513,0.8918918918918918,0.06756756756756756,0.027027027027027025
326,0.013513513513513513,0.8783783783783783,0.06756756756756756,0.040540540540540536
327,0.013157894736842103,0.881578947368421,0.06578947368421052,0.039473684210526314
328,0.013157894736842103,0.8552631578947367,0.07894736842105263,0.05263157894736841
329,0.013157894736842103,0.8684210526315789,0.06578947368421052,0.05263157894736841
330,0.012820512820512818,0.8717948717948717,0.10256410256410255,0.012820512820512818
331,0.013157894736842103,0.881578947368421,0.09210526315789472,0.013157894736842103
332,0.012820512820512818,0.8846153846153846,0.08974358974358973,0.012820512820512818
333,0.012195121951219513,0.853658536585366,0.12195121951219512,0.012195121951219513
334,0.011627906976744188,0.8372093023255814,0.12790697674418605,0.023255813953488375
335,0.0,0.8539325842696629,0.12359550561797752,0.022471910112359553
336,0.0,0.8444444444444444,0.13333333333333333,0.022222222222222223
337,0.01098901098901099,0.8241758241758241,0.14285714285714285,0.02197802197802198
338,0.010526315789473684,0.8315789473684211,0.13684210526315788,0.021052631578947368
339,0.010638297872340425,0.8404255319148937,0.11702127659574467,0.031914893617021274
340,0.010752688172043012,0.8494623655913979,0.10752688172043011,0.03225806451612903
341,0.011111111111111112,0.8444444444444444,0.11111111111111112,0.03333333333333333
342,0.011111111111111112,0.8444444444444444,0.12222222222222222,0.022222222222222223
343,0.011111111111111112,0.8444444444444444,0.12222222222222222,0.022222222222222223
344,0.01149425287356322,0.8390804597701149,0.12643678160919541,0.02298850574712644
345,0.01149425287356322,0.8390804597701149,0.12643678160919541,0.02298850574712644
346,0.011363636363636364,0.8409090909090909,0.125,0.022727272727272728
347,0.011627906976744188,0.8488372093023256,0.11627906976744187,0.023255813953488375
348,0.011627906976744188,0.8372093023255814,0.12790697674418605,0.023255813953488375
349,0.011363636363636364,0.8409090909090909,0.125,0.022727272727272728
350,0.011904761904761904,0.8333333333333334,0.13095238095238093,0.023809523809523808
351,0.0,0.8333333333333334,0.14285714285714285,0.023809523809523808
352,0.0,0.8470588235294118,0.12941176470588237,0.023529411764705885
353,0.0,0.872093023255814,0.11627906976744187,0.011627906976744188
354,0.0,0.8658536585365854,0.12195121951219513,0.012195121951219514
355,0.0,0.8734177215189874,0.11392405063291139,0.012658227848101266
356,0.0,0.8875000000000001,0.10000000000000002,0.012500000000000002
357,0.0,0.8875000000000001,0.10000000000000002,0.012500000000000002
358,0.0,0.8875000000000001,0.10000000000000002,0.012500000000000002
359,0.0,0.8674698795180723,0.13253012048192772,0.0
360,0.01149425287356322,0.8620689655172414,0.12643678160919541,0.0
361,0.01204819277108434,0.8554216867469879,0.13253012048192772,0.0
362,0.012345679012345678,0.8518518518518519,0.13580246913580246,0.0
363,0.012658227848101266,0.8481012658227849,0.13924050632911392,0.0
364,0.012048192771084336,0.8433734939759037,0.1325301204819277,0.012048192771084336
365,0.011627906976744188,0.8488372093023256,0.12790697674418605,0.011627906976744188
366,0.011627906976744188,0.872093023255814,0.10465116279069768,0.011627906976744188
367,0.01098901098901099,0.8571428571428572,0.1098901098901099,0.02197802197802198
368,0.011235955056179777,0.8539325842696629,0.11235955056179776,0.022471910112359553
369,0.011235955056179777,0.8314606741573034,0.12359550561797752,0.033707865168539325
370,0.011235955056179777,0.8426966292134832,0.11235955056179776,0.033707865168539325
371,0.011627906976744188,0.8604651162790697,0.10465116279069768,0.023255813953488375
372,0.011235955056179775,0.898876404494382,0.06741573033707865,0.02247191011235955
373,0.01075268817204301,0.9032258064516129,0.07526881720430106,0.01075268817204301
374,0.0,0.901098901098901,0.07692307692307691,0.021978021978021976
375,0.0,0.8941176470588235,0.08235294117647059,0.023529411764705882
376,0.0,0.8823529411764707,0.09411764705882354,0.023529411764705885
377,0.0,0.8902439024390243,0.08536585365853658,0.024390243902439025
378,0.0,0.8795180722891566,0.08433734939759036,0.03614457831325301
379,0.012195121951219513,0.8658536585365852,0.08536585365853658,0.036585365853658534
380,0.012048192771084336,0.8674698795180722,0.08433734939759036,0.03614457831325301
381,0.011363636363636364,0.8636363636363636,0.09090909090909091,0.034090909090909095
382,0.011235955056179777,0.8651685393258427,0.08988764044943821,0.033707865168539325
383,0.010869565217391304,0.8695652173913044,0.08695652173913043,0.03260869565217391
384,0.010638297872340425,0.8617021276595745,0.09574468085106383,0.031914893617021274
385,0.010869565217391302,0.8804347826086956,0.06521739130434782,0.04347826086956521
386,0.010638297872340424,0.8829787234042552,0.06382978723404255,0.042553191489361694
387,0.010638297872340424,0.8936170212765957,0.05319148936170212,0.042553191489361694
388,0.010638297872340424,0.8829787234042552,0.07446808510638298,0.031914893617021274
389,0.010989010989010988,0.8901098901098901,0.06593406593406592,0.03296703296703296
390,0.010869565217391304,0.8695652173913044,0.08695652173913043,0.03260869565217391
391,0.01111111111111111,0.8999999999999999,0.06666666666666667,0.02222222222222222
392,0.01111111111111111,0.8888888888888888,0.07777777777777777,0.02222222222222222
393,0.010989010989010988,0.879120879120879,0.07692307692307691,0.03296703296703296
394,0.010989010989010988,0.879120879120879,0.07692307692307691,0.03296703296703296
395,0.010989010989010988,0.868131868131868,0.07692307692307691,0.04395604395604395
396,0.011627906976744186,0.883720930232558,0.06976744186046512,0.03488372093023256
397,0.011235955056179775,0.8764044943820224,0.06741573033707865,0.0449438202247191
398,0.021052631578947364,0.863157894736842,0.07368421052631578,0.04210526315789473
399,0.021276595744680847,0.8617021276595743,0.07446808510638298,0.042553191489361694
400,0.021052631578947364,0.863157894736842,0.07368421052631578,0.04210526315789473
401,0.021052631578947368,0.8526315789473684,0.08421052631578947,0.042105263157894736
402,0.020833333333333332,0.84375,0.08333333333333333,0.052083333333333336
403,0.021739130434782608,0.8586956521739131,0.08695652173913043,0.03260869565217391
404,0.021052631578947368,0.8631578947368421,0.08421052631578947,0.031578947368421054
405,0.02150537634408602,0.8709677419354838,0.07526881720430106,0.03225806451612903
406,0.010989010989010988,0.868131868131868,0.07692307692307691,0.04395604395604395
407,0.010752688172043012,0.8602150537634409,0.08602150537634409,0.043010752688172046
408,0.01098901098901099,0.8461538461538461,0.0989010989010989,0.04395604395604396
409,0.023529411764705882,0.823529411764706,0.10588235294117646,0.047058823529411764
410,0.024999999999999994,0.8374999999999999,0.08749999999999998,0.04999999999999999
411,0.02439024390243902,0.8292682926829267,0.09756097560975607,0.04878048780487804
412,0.023809523809523808,0.8452380952380951,0.08333333333333333,0.047619047619047616
413,0.023255813953488372,0.8604651162790696,0.06976744186046512,0.046511627906976744
414,0.024691358024691353,0.839506172839506,0.08641975308641973,0.049382716049382706
415,0.023809523809523808,0.857142857142857,0.07142857142857142,0.047619047619047616
416,0.02298850574712644,0.8275862068965517,0.09195402298850576,0.0574712643678161
417,0.02298850574712644,0.8275862068965517,0.09195402298850576,0.0574712643678161
418,0.02298850574712644,0.8275862068965517,0.10344827586206896,0.04597701149425288
419,0.023255813953488375,0.8372093023255814,0.0930232558139535,0.04651162790697675
420,0.022727272727272728,0.8409090909090909,0.09090909090909091,0.045454545454545456
421,0.022471910112359553,0.8314606741573034,0.10112359550561797,0.04494382022471911
422,0.022222222222222223,0.8222222222222222,0.11111111111111112,0.044444444444444446
423,0.022727272727272728,0.8295454545454546,0.10227272727272727,0.045454545454545456
424,0.021739130434782608,0.8369565217391305,0.09782608695652173,0.043478260869565216
425,0.020833333333333332,0.8229166666666666,0.09374999999999999,0.0625
426,0.020618556701030927,0.8247422680412371,0.09278350515463916,0.061855670103092786
427,0.021739130434782608,0.8152173913043478,0.09782608695652173,0.06521739130434782
428,0.01098901098901099,0.8241758241758241,0.0989010989010989,0.06593406593406594
429,0.01098901098901099,0.8131868131868132,0.1098901098901099,0.06593406593406594
430,0.01098901098901099,0.7912087912087912,0.12087912087912088,0.07692307692307693
431,0.01098901098901099,0.8131868131868132,0.0989010989010989,0.07692307692307693
432,0.011363636363636364,0.8068181818181818,0.10227272727272727,0.07954545454545456
433,0.011235955056179777,0.8089887640449438,0.10112359550561797,0.07865168539325844
434,0.011764705882352943,0.8352941176470589,0.09411764705882354,0.05882352941176471
435,0.011111111111111112,0.8333333333333334,0.08888888888888889,0.06666666666666667
436,0.011111111111111112,0.8222222222222222,0.09999999999999999,0.06666666666666667
437,0.010752688172043012,0.8387096774193549,0.08602150537634409,0.06451612903225806
438,0.021505376344086023,0.8387096774193549,0.08602150537634409,0.053763440860215055
439,0.020618556701030927,0.8247422680412371,0.08247422680412371,0.07216494845360824
440,0.02040816326530612,0.8163265306122449,0.09183673469387754,0.07142857142857142
441,0.02127659574468085,0.8085106382978723,0.09574468085106383,0.07446808510638298
442,0.030303030303030304,0.7878787878787878,0.10101010101010101,0.0808080808080808
443,0.0202020202020202,0.7878787878787878,0.1111111111111111,0.0808080808080808
444,0.019607843137254905,0.7549019607843138,0.12745098039215685,0.09803921568627452
445,0.02061855670103093,0.7525773195876289,0.12371134020618559,0.10309278350515465
446,0.020202020202020204,0.7373737373737373,0.14141414141414144,0.10101010101010102
447,0.020408163265306124,0.7346938775510204,0.14285714285714288,0.10204081632653063
448,0.02105263157894737,0.7578947368421053,0.12631578947368424,0.09473684210526316
449,0.0202020202020202,0.7777777777777777,0.12121212121212122,0.0808080808080808
450,0.01,0.7999999999999999,0.10999999999999999,0.08
451,0.010416666666666666,0.7916666666666666,0.11458333333333333,0.08333333333333333
452,0.02040816326530612,0.7959183673469388,0.11224489795918366,0.07142857142857142
453,0.02,0.7999999999999999,0.10999999999999999,0.06999999999999999
454,0.020618556701030927,0.7938144329896907,0.11340206185567009,0.07216494845360824
455,0.020618556701030927,0.7731958762886597,0.13402061855670103,0.07216494845360824
456,0.02127659574468085,0.7659574468085106,0.13829787234042554,0.07446808510638298
457,0.01075268817204301,0.7526881720430108,0.16129032258064513,0.07526881720430106
458,0.011494252873563218,0.7471264367816092,0.16091954022988506,0.08045977011494253
459,0.011494252873563218,0.735632183908046,0.17241379310344826,0.08045977011494253
460,0.022988505747126436,0.735632183908046,0.16091954022988506,0.08045977011494253
461,0.021978021978021976,0.7362637362637362,0.1648351648351648,0.07692307692307691
462,0.021739130434782608,0.7717391304347826,0.14130434782608695,0.06521739130434782
463,0.021739130434782605,0.75,0.16304347826086954,0.06521739130434782
464,0.02247191011235955,0.7528089887640449,0.15730337078651685,0.06741573033707865
465,0.011764705882352941,0.7529411764705882,0.16470588235294117,0.07058823529411765
466,0.012048192771084336,0.7469879518072289,0.1686746987951807,0.07228915662650602
467,0.011904761904761904,0.75,0.16666666666666666,0.07142857142857142
468,0.011627906976744186,0.7558139534883721,0.1627906976744186,0.06976744186046512
469,0.011235955056179775,0.7415730337078651,0.1797752808988764,0.06741573033707865
470,0.011235955056179775,0.7415730337078651,0.1797752808988764,0.06741573033707865
471,0.01111111111111111,0.7444444444444444,0.18888888888888888,0.05555555555555555
472,0.021978021978021976,0.7582417582417582,0.1648351648351648,0.05494505494505494
473,0.023255813953488372,0.7906976744186046,0.12790697674418602,0.05813953488372093
474,0.011627906976744186,0.7906976744186046,0.13953488372093023,0.05813953488372093
475,0.011627906976744186,0.813953488372093,0.10465116279069765,0.06976744186046512
476,0.011111111111111112,0.8111111111111111,0.12222222222222222,0.05555555555555556
477,0.0,0.8333333333333334,0.11111111111111112,0.05555555555555556
478,0.0,0.8131868131868132,0.1098901098901099,0.07692307692307693
479,0.0,0.8241758241758241,0.0989010989010989,0.07692307692307693
480,0.0,0.813953488372093,0.10465116279069765,0.0813953488372093
481,0.0,0.813953488372093,0.11627906976744186,0.06976744186046512
482,0.0,0.8433734939759036,0.09638554216867468,0.06024096385542167
483,0.0,0.8292682926829269,0.1097560975609756,0.06097560975609756
484,0.0,0.8289473684210527,0.11842105263157894,0.052631578947368425
485,0.0,0.8513513513513512,0.1081081081081081,0.040540540540540536
486,0.0,0.8500000000000001,0.11249999999999999,0.0375
487,0.0,0.8591549295774646,0.09859154929577464,0.04225352112676056
488,0.0,0.857142857142857,0.09999999999999999,0.04285714285714285
489,0.0,0.8356164383561643,0.1095890410958904,0.0547945205479452
490,0.0,0.8399999999999999,0.10666666666666666,0.05333333333333333
491,0.0,0.844155844155844,0.0779220779220779,0.0779220779220779
492,0.0,0.8354430379746834,0.08860759493670885,0.07594936708860758
493,0.0,0.8499999999999999,0.08749999999999998,0.062499999999999986
494,0.0,0.8499999999999999,0.08749999999999998,0.062499999999999986
495,0.0,0.8641975308641975,0.07407407407407406,0.061728395061728385
496,0.0,0.8658536585365852,0.07317073170731707,0.06097560975609756
497,0.0,0.8518518518518517,0.08641975308641973,0.061728395061728385
498,0.0,0.8481012658227847,0.08860759493670885,0.06329113924050632
499,0.0,0.8533333333333333,0.09333333333333332,0.05333333333333333
500,0.0,0.8292682926829267,0.08536585365853656,0.08536585365853656
501,0.0,0.8333333333333333,0.08333333333333331,0.08333333333333331
502,0.0,0.8192771084337348,0.09638554216867468,0.08433734939759034
503,0.0,0.8235294117647057,0.09411764705882351,0.08235294117647057
504,0.0,0.8314606741573034,0.10112359550561797,0.06741573033707865
505,0.0,0.8372093023255814,0.0930232558139535,0.06976744186046513
506,0.0,0.8488372093023256,0.0930232558139535,0.058139534883720936
507,0.0,0.8522727272727273,0.09090909090909091,0.05681818181818182
508,0.0,0.8352941176470589,0.09411764705882354,0.07058823529411766
509,0.0,0.8095238095238095,0.11904761904761904,0.07142857142857142
510,0.0,0.813953488372093,0.11627906976744186,0.06976744186046512
511,0.0,0.8314606741573034,0.11235955056179776,0.05617977528089888
512,0.0,0.8426966292134832,0.10112359550561797,0.05617977528089888
513,0.0,0.8170731707317074,0.1097560975609756,0.07317073170731707
514,0.0,0.8148148148148149,0.1111111111111111,0.07407407407407407
515,0.0,0.8024691358024691,0.12345679012345678,0.07407407407407407
516,0.0,0.7901234567901234,0.12345679012345678,0.08641975308641975
517,0.0,0.7951807228915664,0.10843373493975904,0.09638554216867472
518,0.0,0.7976190476190477,0.11904761904761904,0.08333333333333333
519,0.0,0.8170731707317074,0.1097560975609756,0.07317073170731707
520,0.0,0.8192771084337349,0.12048192771084337,0.060240963855421686
521,0.0,0.8433734939759037,0.10843373493975902,0.048192771084337345
522,0.0,0.8352941176470589,0.11764705882352942,0.04705882352941177
523,0.0,0.8255813953488372,0.12790697674418605,0.04651162790697675
524,0.0,0.8333333333333334,0.13095238095238093,0.03571428571428571
525,0.0,0.813953488372093,0.1627906976744186,0.023255813953488372
526,0.0,0.8160919540229885,0.16091954022988508,0.02298850574712644
527,0.0,0.8023255813953488,0.1627906976744186,0.03488372093023256
528,0.0,0.7865168539325843,0.1685393258426966,0.0449438202247191
529,0.0,0.7888888888888889,0.16666666666666666,0.044444444444444446
530,0.0,0.8064516129032258,0.15053763440860216,0.043010752688172046
531,0.010526315789473684,0.7999999999999999,0.1473684210526316,0.042105263157894736
532,0.010416666666666666,0.7916666666666666,0.15625,0.041666666666666664
533,0.010416666666666666,0.8020833333333333,0.13541666666666666,0.052083333333333336
534,0.010526315789473684,0.7999999999999999,0.13684210526315788,0.05263157894736842
535,0.010526315789473684,0.7999999999999999,0.12631578947368421,0.06315789473684211
536,0.010638297872340425,0.7872340425531914,0.13829787234042554,0.06382978723404255
537,0.010526315789473684,0.8105263157894737,0.12631578947368421,0.05263157894736842
538,0.010309278350515464,0.8041237113402062,0.13402061855670103,0.05154639175257732
539,0.010309278350515464,0.8247422680412371,0.11340206185567009,0.05154639175257732
540,0.010416666666666666,0.8229166666666666,0.11458333333333333,0.052083333333333336
541,0.01020408163265306,0.8163265306122449,0.12244897959183673,0.05102040816326531
542,0.009615384615384616,0.8269230769230769,0.11538461538461539,0.04807692307692308
543,0.009615384615384616,0.8461538461538461,0.11538461538461539,0.028846153846153848
544,0.00970873786407767,0.8737864077669903,0.09708737864077671,0.01941747572815534
545,0.00970873786407767,0.8446601941747572,0.1359223300970874,0.00970873786407767
546,0.009523809523809525,0.8380952380952381,0.13333333333333333,0.01904761904761905
547,0.00980392156862745,0.803921568627451,0.1568627450980392,0.029411764705882353
548,0.00980392156862745,0.7941176470588235,0.1568627450980392,0.0392156862745098
549,0.009900990099009901,0.7821782178217821,0.16831683168316833,0.039603960396039604
550,0.01,0.7799999999999999,0.17,0.04
551,0.0101010101010101,0.7979797979797979,0.1515151515151515,0.0404040404040404
552,0.01020408163265306,0.7959183673469388,0.14285714285714285,0.05102040816326531
553,0.010416666666666666,0.8125,0.125,0.052083333333333336
554,0.0101010101010101,0.8080808080808081,0.1414141414141414,0.0404040404040404
555,0.009900990099009901,0.7623762376237623,0.16831683168316833,0.0594059405940594
556,0.009615384615384614,0.7884615384615384,0.14423076923076922,0.05769230769230769
557,0.009523809523809523,0.7904761904761904,0.14285714285714285,0.05714285714285714
558,0.00980392156862745,0.8137254901960784,0.1372549019607843,0.0392156862745098
559,0.00980392156862745,0.7941176470588235,0.1568627450980392,0.0392156862745098
560,0.009708737864077669,0.7766990291262136,0.17475728155339804,0.038834951456310676
561,0.0101010101010101,0.7878787878787878,0.1616161616161616,0.0404040404040404
562,0.01,0.7999999999999999,0.15,0.04
563,0.0101010101010101,0.8282828282828283,0.12121212121212122,0.0404040404040404
564,0.010416666666666666,0.8333333333333334,0.11458333333333333,0.041666666666666664
565,0.01020408163265306,0.8367346938775511,0.12244897959183673,0.030612244897959183
566,0.010869565217391304,0.8369565217391305,0.11956521739130434,0.03260869565217391
567,0.011363636363636364,0.8295454545454546,0.125,0.034090909090909095
568,0.011363636363636364,0.8409090909090909,0.11363636363636365,0.034090909090909095
569,0.01149425287356322,0.8505747126436782,0.10344827586206896,0.03448275862068966
570,0.011235955056179777,0.8539325842696629,0.10112359550561797,0.033707865168539325
571,0.011235955056179777,0.8651685393258427,0.08988764044943821,0.033707865168539325
572,0.01149425287356322,0.8620689655172414,0.10344827586206896,0.02298850574712644
573,0.010869565217391304,0.8478260869565217,0.11956521739130434,0.021739130434782608
574,0.0,0.8571428571428572,0.0989010989010989,0.04395604395604396
575,0.0,0.875,0.09090909090909091,0.034090909090909095
576,0.0,0.8571428571428572,0.0989010989010989,0.04395604395604396
577,0.0,0.8571428571428572,0.0989010989010989,0.04395604395604396
578,0.0,0.851063829787234,0.10638297872340426,0.0425531914893617
579,0.0,0.8541666666666666,0.10416666666666667,0.041666666666666664
580,0.0,0.8469387755102041,0.11224489795918366,0.04081632653061224
581,0.0,0.8247422680412371,0.13402061855670103,0.041237113402061855
582,0.0,0.8367346938775511,0.12244897959183673,0.04081632653061224
583,0.0,0.8217821782178217,0.1287128712871287,0.0495049504950495
584,0.0,0.8080808080808081,0.1414141414141414,0.050505050505050504
585,0.0,0.7999999999999999,0.1473684210526316,0.05263157894736842
586,0.0,0.7956989247311828,0.16129032258064516,0.043010752688172046
587,0.0,0.8043478260869565,0.15217391304347827,0.043478260869565216
588,0.0,0.8172043010752688,0.13978494623655913,0.043010752688172046
589,0.0,0.7959183673469388,0.1530612244897959,0.05102040816326531
590,0.0,0.7916666666666666,0.16666666666666666,0.041666666666666664
591,0.0,0.7959183673469388,0.14285714285714285,0.061224489795918366
592,0.0,0.8105263157894737,0.13684210526315788,0.05263157894736842
593,0.0,0.8152173913043478,0.15217391304347827,0.03260869565217391
594,0.010752688172043012,0.8064516129032258,0.15053763440860216,0.03225806451612903
595,0.0,0.7978723404255319,0.15957446808510636,0.0425531914893617
596,0.0,0.8019801980198019,0.15841584158415842,0.039603960396039604
597,0.009708737864077669,0.8058252427184466,0.14563106796116504,0.038834951456310676
598,0.00980392156862745,0.8137254901960784,0.1372549019607843,0.0392156862745098
599,0.00980392156862745,0.8137254901960784,0.1372549019607843,0.0392156862745098
600,0.009708737864077669,0.8058252427184466,0.13592233009708737,0.04854368932038835
601,0.009615384615384614,0.8173076923076923,0.12499999999999999,0.04807692307692307
602,0.009708737864077669,0.8058252427184466,0.13592233009708737,0.04854368932038835
603,0.00980392156862745,0.803921568627451,0.1372549019607843,0.049019607843137254
604,0.009523809523809523,0.7999999999999999,0.13333333333333333,0.05714285714285714
605,0.009345794392523366,0.8130841121495327,0.12149532710280374,0.056074766355140186
