,M+1,M+2,M+3,M+4
0,,,,
1,,,,
2,,,,
3,,,,
4,,,,
5,,,,
6,,,,
7,,,,
8,,,,
9,,,,
10,,,,
11,,,,
12,0.0,0.0,1.0,0.0
13,0.0,0.0,1.0,0.0
14,0.0,0.0,1.0,0.0
15,0.0,0.0,1.0,0.0
16,0.0,0.0,1.0,0.0
17,0.0,0.0,1.0,0.0
18,0.0,0.0,1.0,0.0
19,0.0,0.0,1.0,0.0
20,0.0,0.0,1.0,0.0
21,0.0,0.0,1.0,0.0
22,0.0,0.0,1.0,0.0
23,0.0,0.0,1.0,0.0
24,0.0,0.0,1.0,0.0
25,0.0,0.0,1.0,0.0
26,0.0,0.0,1.0,0.0
27,0.0,0.0,1.0,0.0
28,0.0,0.0,1.0,0.0
29,0.0,0.0,1.0,0.0
30,0.0,0.0,1.0,0.0
31,0.0,0.0,1.0,0.0
32,0.0,0.0,1.0,0.0
33,0.0,0.0,1.0,0.0
34,0.0,0.0,1.0,0.0
35,0.0,0.0,1.0,0.0
36,0.0,0.0,1.0,0.0
37,0.0,0.1,0.8999999999999999,0.0
38,0.0,0.09090909090909091,0.9090909090909091,0.0
39,0.0,0.16666666666666666,0.8333333333333333,0.0
40,0.0,0.23076923076923075,0.7692307692307693,0.0
41,0.0,0.21428571428571427,0.7857142857142858,0.0
42,0.0,0.21428571428571427,0.7857142857142858,0.0
43,0.0,0.21428571428571427,0.7857142857142858,0.0
44,0.0,0.25000000000000006,0.75,0.0
45,0.0,0.23529411764705885,0.7647058823529412,0.0
46,0.0,0.23529411764705885,0.7647058823529412,0.0
47,0.0,0.25000000000000006,0.75,0.0
48,0.0,0.26666666666666666,0.7333333333333334,0.0
49,0.0,0.26666666666666666,0.7333333333333334,0.0
50,0.0,0.3125,0.6875,0.0
51,0.0,0.29411764705882354,0.7058823529411764,0.0
52,0.0,0.29411764705882354,0.7058823529411764,0.0
53,0.0,0.29411764705882354,0.7058823529411764,0.0
54,0.0,0.3125,0.6875,0.0
55,0.0,0.368421052631579,0.631578947368421,0.0
56,0.0,0.368421052631579,0.631578947368421,0.0
57,0.0,0.368421052631579,0.631578947368421,0.0
58,0.0,0.4285714285714286,0.5714285714285714,0.0
59,0.0,0.4285714285714286,0.5714285714285714,0.0
60,0.0,0.5,0.5,0.0
61,0.0,0.52,0.48000000000000004,0.0
62,0.0,0.5555555555555556,0.44444444444444436,0.0
63,0.0,0.5357142857142857,0.46428571428571425,0.0
64,0.0,0.5172413793103449,0.4827586206896552,0.0
65,0.0,0.5666666666666667,0.4333333333333333,0.0
66,0.0,0.5666666666666667,0.4333333333333333,0.0
67,0.0,0.59375,0.40625,0.0
68,0.0,0.6129032258064516,0.3870967741935484,0.0
69,0.0,0.6363636363636364,0.3636363636363636,0.0
70,0.0,0.6857142857142857,0.31428571428571433,0.0
71,0.0,0.676470588235294,0.3235294117647059,0.0
72,0.0,0.676470588235294,0.3235294117647059,0.0
73,0.0,0.638888888888889,0.3611111111111111,0.0
74,0.0,0.638888888888889,0.3611111111111111,0.0
75,0.0,0.638888888888889,0.3611111111111111,0.0
76,0.0,0.6486486486486487,0.35135135135135137,0.0
77,0.0,0.6666666666666667,0.3076923076923077,0.025641025641025647
78,0.0,0.675,0.3,0.025
79,0.0,0.6666666666666667,0.30952380952380953,0.02380952380952381
80,0.0,0.6666666666666666,0.31111111111111106,0.02222222222222222
81,0.0,0.6739130434782609,0.30434782608695654,0.02173913043478261
82,0.0,0.6666666666666666,0.31111111111111106,0.02222222222222222
83,0.0,0.6808510638297872,0.2978723404255319,0.02127659574468085
84,0.0,0.711111111111111,0.2666666666666666,0.02222222222222222
85,0.0,0.7045454545454545,0.2727272727272727,0.022727272727272728
86,0.0,0.6666666666666666,0.3125,0.020833333333333332
87,0.0,0.66,0.32,0.02
88,0.0,0.6666666666666666,0.3137254901960784,0.0196078431372549
89,0.0,0.660377358490566,0.32075471698113206,0.018867924528301886
90,0.0,0.6792452830188679,0.3018867924528302,0.018867924528301886
91,0.0,0.6923076923076922,0.28846153846153844,0.01923076923076923
92,0.0,0.7037037037037037,0.2777777777777778,0.018518518518518517
93,0.0,0.7142857142857143,0.26785714285714285,0.01785714285714286
94,0.0,0.728813559322034,0.2542372881355932,0.01694915254237288
95,0.0,0.7377049180327868,0.2459016393442623,0.01639344262295082
96,0.0,0.7301587301587302,0.23809523809523814,0.03174603174603175
97,0.0,0.7230769230769232,0.24615384615384617,0.03076923076923077
98,0.0,0.7313432835820896,0.23880597014925375,0.02985074626865672
99,0.0,0.7246376811594203,0.24637681159420288,0.028985507246376812
100,0.0,0.7142857142857143,0.2571428571428571,0.02857142857142857
101,0.0,0.7123287671232877,0.26027397260273977,0.027397260273972608
102,0.0,0.7066666666666667,0.26666666666666666,0.02666666666666667
103,0.0,0.7105263157894737,0.2631578947368421,0.026315789473684213
104,0.0,0.7105263157894737,0.2631578947368421,0.026315789473684213
105,0.0,0.7027027027027027,0.2702702702702703,0.027027027027027032
106,0.0,0.7162162162162162,0.2567567567567568,0.027027027027027032
107,0.0,0.7200000000000001,0.25333333333333335,0.02666666666666667
108,0.0,0.7162162162162162,0.2567567567567568,0.027027027027027032
109,0.0,0.6923076923076924,0.2692307692307692,0.03846153846153846
110,0.0,0.6835443037974683,0.27848101265822783,0.03797468354430379
111,0.0,0.7088607594936708,0.2531645569620253,0.03797468354430379
112,0.0,0.7142857142857143,0.25,0.03571428571428571
113,0.0,0.7261904761904762,0.24999999999999994,0.023809523809523808
114,0.0,0.7325581395348837,0.2441860465116279,0.023255813953488372
115,0.0,0.7317073170731707,0.24390243902439024,0.024390243902439025
116,0.0,0.7317073170731707,0.24390243902439024,0.024390243902439025
117,0.0,0.7411764705882352,0.23529411764705882,0.023529411764705882
118,0.0,0.735632183908046,0.24137931034482754,0.022988505747126436
119,0.0,0.7386363636363635,0.23863636363636362,0.022727272727272728
120,0.0,0.7386363636363635,0.23863636363636362,0.022727272727272728
121,0.0,0.75,0.22826086956521738,0.02173913043478261
122,0.0,0.7391304347826086,0.2391304347826087,0.02173913043478261
123,0.0,0.7446808510638298,0.23404255319148937,0.02127659574468085
124,0.0,0.7628865979381444,0.21649484536082472,0.020618556701030927
125,0.0,0.77,0.21,0.02
126,0.0,0.7745098039215687,0.21568627450980393,0.00980392156862745
127,0.0,0.766990291262136,0.2233009708737864,0.00970873786407767
128,0.0,0.75,0.2403846153846154,0.009615384615384616
129,0.0,0.7238095238095238,0.2571428571428571,0.019047619047619046
130,0.0,0.7264150943396227,0.25471698113207547,0.018867924528301886
131,0.0,0.7289719626168224,0.25233644859813087,0.01869158878504673
132,0.0,0.7321428571428571,0.24999999999999997,0.017857142857142856
133,0.0,0.7192982456140351,0.25438596491228066,0.026315789473684206
134,0.0,0.7280701754385964,0.24561403508771928,0.026315789473684206
135,0.0,0.7327586206896551,0.24137931034482757,0.025862068965517238
136,0.0,0.7391304347826086,0.23478260869565215,0.026086956521739126
137,0.0,0.7413793103448275,0.23275862068965517,0.025862068965517238
138,0.0,0.75,0.22500000000000003,0.025
139,0.0,0.7478991596638656,0.22689075630252103,0.025210084033613446
140,0.0,0.7479674796747967,0.22764227642276422,0.024390243902439022
141,0.0,0.7479674796747967,0.22764227642276422,0.024390243902439022
142,0.0,0.7479674796747967,0.22764227642276422,0.024390243902439022
143,0.0,0.753968253968254,0.2222222222222222,0.023809523809523808
144,0.0,0.7596899224806202,0.21705426356589147,0.023255813953488372
145,0.0,0.7578125,0.21875,0.023437499999999997
146,0.0,0.7615384615384615,0.21538461538461537,0.02307692307692307
147,0.0,0.7615384615384615,0.21538461538461537,0.02307692307692307
148,0.0,0.7744360902255638,0.20300751879699247,0.022556390977443604
149,0.0,0.7737226277372262,0.20437956204379562,0.0218978102189781
150,0.0,0.7697841726618705,0.20863309352517986,0.02158273381294964
151,0.0,0.7785714285714286,0.19999999999999998,0.021428571428571425
152,0.0,0.7753623188405797,0.2028985507246377,0.021739130434782608
153,0.0,0.7671232876712328,0.21232876712328766,0.02054794520547945
154,0.0,0.7671232876712328,0.21232876712328766,0.02054794520547945
155,0.0,0.7651006711409396,0.21476510067114096,0.020134228187919462
156,0.0,0.7733333333333333,0.20666666666666667,0.02
157,0.0,0.7682119205298014,0.21192052980132453,0.019867549668874173
158,0.0,0.7748344370860927,0.2052980132450331,0.01986754966887417
159,0.0,0.7770270270270271,0.20270270270270271,0.02027027027027027
160,0.0,0.7785234899328859,0.20134228187919465,0.020134228187919465
161,0.0,0.7785234899328859,0.20134228187919465,0.020134228187919465
162,0.006622516556291391,0.7748344370860927,0.1986754966887417,0.01986754966887417
163,0.006493506493506494,0.7662337662337663,0.2077922077922078,0.01948051948051948
164,0.006711409395973155,0.7651006711409396,0.2080536912751678,0.020134228187919462
165,0.006666666666666667,0.7666666666666667,0.21333333333333335,0.013333333333333334
166,0.006622516556291391,0.7748344370860927,0.2052980132450331,0.013245033112582781
167,0.006493506493506494,0.7792207792207793,0.20129870129870128,0.012987012987012988
168,0.006329113924050634,0.778481012658228,0.20253164556962028,0.012658227848101267
169,0.00628930817610063,0.7861635220125788,0.1949685534591195,0.01257861635220126
170,0.006211180124223603,0.7950310559006212,0.1863354037267081,0.012422360248447206
171,0.0,0.7976190476190477,0.1904761904761905,0.011904761904761906
172,0.0,0.8045977011494254,0.18390804597701152,0.01149425287356322
173,0.0,0.7999999999999999,0.18285714285714286,0.01714285714285714
174,0.0,0.7942857142857142,0.18857142857142856,0.01714285714285714
175,0.0,0.7919075144508669,0.18497109826589594,0.023121387283236993
176,0.0,0.793103448275862,0.1839080459770115,0.022988505747126436
177,0.0,0.7919075144508669,0.18497109826589594,0.023121387283236993
178,0.0,0.7897727272727272,0.1875,0.022727272727272728
179,0.0,0.7803468208092486,0.19653179190751444,0.023121387283236997
180,0.0,0.777142857142857,0.19999999999999998,0.022857142857142857
181,0.0,0.7727272727272726,0.20454545454545453,0.022727272727272728
182,0.0,0.7777777777777777,0.19444444444444442,0.027777777777777776
183,0.0,0.7752808988764045,0.19662921348314608,0.028089887640449437
184,0.0,0.7868852459016393,0.18579234972677594,0.0273224043715847
185,0.0,0.7944444444444444,0.17777777777777776,0.027777777777777776
186,0.0,0.8087431693989071,0.16393442622950818,0.0273224043715847
187,0.0,0.7956989247311828,0.17741935483870966,0.026881720430107524
188,0.0053475935828877,0.7914438502673796,0.1764705882352941,0.026737967914438502
189,0.005263157894736843,0.7894736842105263,0.17894736842105263,0.026315789473684213
190,0.005263157894736843,0.7894736842105263,0.17894736842105263,0.026315789473684213
191,0.005291005291005292,0.7830687830687831,0.18518518518518517,0.026455026455026457
192,0.010256410256410255,0.7743589743589743,0.19487179487179485,0.02051282051282051
193,0.010362694300518135,0.77720207253886,0.19170984455958548,0.02072538860103627
194,0.010256410256410256,0.764102564102564,0.20512820512820512,0.020512820512820513
195,0.010526315789473686,0.7578947368421053,0.20526315789473684,0.026315789473684213
196,0.01081081081081081,0.762162162162162,0.19999999999999998,0.027027027027027025
197,0.010471204188481674,0.7748691099476439,0.19371727748691098,0.02094240837696335
198,0.010416666666666666,0.7760416666666666,0.19270833333333331,0.020833333333333332
199,0.010526315789473686,0.7736842105263158,0.19473684210526318,0.02105263157894737
200,0.01015228426395939,0.781725888324873,0.1878172588832487,0.02030456852791878
201,0.01,0.775,0.19,0.025
202,0.00975609756097561,0.775609756097561,0.18536585365853658,0.029268292682926824
203,0.009661835748792272,0.7826086956521738,0.17874396135265702,0.02898550724637681
204,0.009523809523809523,0.780952380952381,0.18095238095238095,0.028571428571428567
205,0.009216589861751154,0.7788018433179724,0.18433179723502308,0.027649769585253458
206,0.009132420091324202,0.7762557077625571,0.18721461187214614,0.0273972602739726
207,0.008888888888888889,0.7822222222222223,0.18222222222222226,0.026666666666666665
208,0.008849557522123895,0.7787610619469028,0.18584070796460178,0.02654867256637168
209,0.008810572687224669,0.775330396475771,0.1894273127753304,0.026431718061674006
210,0.008658008658008658,0.7792207792207791,0.18614718614718614,0.025974025974025972
211,0.008771929824561405,0.7763157894736843,0.1885964912280702,0.026315789473684213
212,0.008733624454148471,0.777292576419214,0.18777292576419213,0.026200873362445413
213,0.008771929824561405,0.780701754385965,0.1842105263157895,0.026315789473684213
214,0.008771929824561405,0.7763157894736843,0.1885964912280702,0.026315789473684213
215,0.008733624454148473,0.7816593886462883,0.18340611353711792,0.026200873362445417
216,0.008849557522123895,0.7876106194690266,0.1769911504424779,0.02654867256637168
217,0.00892857142857143,0.7812500000000001,0.1830357142857143,0.026785714285714284
218,0.00892857142857143,0.7857142857142858,0.17857142857142858,0.026785714285714284
219,0.008771929824561405,0.7850877192982457,0.1842105263157895,0.02192982456140351
220,0.008733624454148473,0.7816593886462883,0.18777292576419216,0.02183406113537118
221,0.008583690987124463,0.7854077253218884,0.1888412017167382,0.017167381974248927
222,0.008438818565400845,0.7805907172995781,0.18987341772151897,0.021097046413502112
223,0.008438818565400845,0.7805907172995781,0.18987341772151897,0.021097046413502112
224,0.008403361344537816,0.7815126050420168,0.18907563025210083,0.02100840336134454
225,0.008438818565400845,0.7805907172995781,0.18565400843881857,0.02531645569620253
226,0.008438818565400845,0.7932489451476794,0.17299578059071732,0.02531645569620253
227,0.008403361344537816,0.7899159663865547,0.17647058823529413,0.025210084033613446
228,0.008333333333333335,0.7916666666666667,0.17500000000000002,0.025
229,0.00819672131147541,0.7950819672131149,0.1721311475409836,0.02459016393442623
230,0.008264462809917357,0.7933884297520661,0.1735537190082645,0.024793388429752067
231,0.00819672131147541,0.7827868852459017,0.18032786885245905,0.028688524590163935
232,0.00819672131147541,0.7868852459016393,0.1762295081967213,0.028688524590163935
233,0.008097165991902834,0.7894736842105263,0.17408906882591094,0.02834008097165992
234,0.008032128514056226,0.7911646586345381,0.17269076305220885,0.02811244979919679
235,0.00819672131147541,0.7909836065573772,0.1721311475409836,0.028688524590163935
236,0.00819672131147541,0.7909836065573772,0.1721311475409836,0.028688524590163935
237,0.008264462809917357,0.7933884297520661,0.1735537190082645,0.024793388429752067
238,0.008264462809917357,0.7892561983471076,0.17768595041322316,0.024793388429752067
239,0.008333333333333335,0.7958333333333334,0.17500000000000002,0.020833333333333336
240,0.00823045267489712,0.7983539094650206,0.1728395061728395,0.0205761316872428
241,0.008298755186721992,0.8049792531120332,0.16182572614107882,0.024896265560165973
242,0.008032128514056226,0.8032128514056226,0.1606425702811245,0.02811244979919679
243,0.008097165991902834,0.8137651821862348,0.14979757085020243,0.02834008097165992
244,0.00806451612903226,0.810483870967742,0.15725806451612903,0.024193548387096774
245,0.008097165991902834,0.805668016194332,0.16194331983805668,0.0242914979757085
246,0.008000000000000002,0.804,0.16,0.028
247,0.00790513833992095,0.8023715415019763,0.16205533596837948,0.027667984189723323
248,0.007874015748031496,0.7952755905511811,0.16929133858267717,0.027559055118110236
249,0.007782101167315176,0.8015564202334632,0.16342412451361868,0.027237354085603117
250,0.007812500000000002,0.7968750000000001,0.1640625,0.03125000000000001
251,0.007812500000000002,0.7968750000000001,0.1640625,0.03125000000000001
252,0.007968127490039842,0.800796812749004,0.15936254980079684,0.03187250996015937
253,0.007968127490039842,0.8087649402390439,0.15139442231075698,0.03187250996015937
254,0.008000000000000002,0.804,0.156,0.03200000000000001
255,0.008097165991902834,0.8016194331983807,0.15789473684210525,0.032388663967611336
256,0.012195121951219511,0.8008130081300813,0.15447154471544716,0.032520325203252036
257,0.012295081967213111,0.7950819672131146,0.15573770491803277,0.03688524590163934
258,0.012048192771084335,0.7991967871485942,0.15261044176706823,0.036144578313253004
259,0.01568627450980392,0.7960784313725489,0.14901960784313725,0.0392156862745098
260,0.015748031496062992,0.795275590551181,0.1496062992125984,0.03937007874015748
261,0.015748031496062992,0.795275590551181,0.1496062992125984,0.03937007874015748
262,0.015503875968992246,0.7906976744186046,0.15116279069767438,0.04263565891472868
263,0.015209125475285171,0.7908745247148289,0.1520912547528517,0.041825095057034224
264,0.015209125475285171,0.7908745247148289,0.155893536121673,0.03802281368821293
265,0.015444015444015443,0.7953667953667953,0.15444015444015444,0.03474903474903474
266,0.01532567049808429,0.793103448275862,0.14942528735632182,0.0421455938697318
267,0.015267175572519083,0.7938931297709922,0.14885496183206107,0.04198473282442748
268,0.015209125475285171,0.7946768060836501,0.1482889733840304,0.041825095057034224
269,0.015094339622641508,0.7924528301886792,0.1509433962264151,0.04150943396226415
270,0.015094339622641511,0.7886792452830188,0.1547169811320755,0.041509433962264156
271,0.014814814814814815,0.7851851851851852,0.15925925925925927,0.040740740740740744
272,0.014760147601476014,0.7859778597785977,0.15867158671586715,0.04059040590405904
273,0.014760147601476014,0.7785977859778598,0.16605166051660514,0.04059040590405904
274,0.014598540145985401,0.7846715328467152,0.16058394160583941,0.040145985401459854
275,0.014598540145985401,0.7810218978102189,0.16423357664233576,0.040145985401459854
276,0.014492753623188406,0.7789855072463767,0.16666666666666666,0.03985507246376812
277,0.014388489208633093,0.7805755395683452,0.16906474820143885,0.03597122302158273
278,0.010791366906474819,0.7841726618705035,0.16906474820143885,0.03597122302158273
279,0.01075268817204301,0.7813620071684587,0.16845878136200718,0.03942652329749104
280,0.010989010989010986,0.7912087912087911,0.16117216117216115,0.036630036630036625
281,0.007352941176470588,0.7941176470588235,0.16176470588235295,0.03676470588235294
282,0.007246376811594203,0.7934782608695652,0.16304347826086957,0.036231884057971016
283,0.007220216606498195,0.7870036101083033,0.1696750902527076,0.036101083032490974
284,0.0036363636363636364,0.7854545454545455,0.17454545454545453,0.03636363636363636
285,0.003690036900369004,0.7785977859778598,0.17712177121771217,0.040590405904059046
286,0.0036101083032490976,0.7870036101083033,0.17328519855595667,0.036101083032490974
287,0.0035971223021582736,0.7913669064748201,0.16906474820143885,0.03597122302158274
288,0.0036496350364963502,0.7883211678832117,0.17153284671532848,0.0364963503649635
289,0.0036363636363636364,0.7963636363636364,0.16727272727272727,0.03272727272727272
290,0.0037037037037037043,0.7925925925925926,0.1740740740740741,0.029629629629629634
291,0.0037037037037037043,0.788888888888889,0.17777777777777778,0.029629629629629634
292,0.0036496350364963502,0.791970802919708,0.17153284671532848,0.032846715328467155
293,0.0035842293906810036,0.7849462365591398,0.17921146953405018,0.03225806451612903
294,0.0035714285714285713,0.7892857142857144,0.17857142857142858,0.02857142857142857
295,0.003584229390681004,0.7921146953405019,0.1756272401433692,0.028673835125448032
296,0.003571428571428572,0.7964285714285715,0.17142857142857143,0.028571428571428577
297,0.00711743772241993,0.7935943060498222,0.1708185053380783,0.02846975088967972
298,0.007117437722419929,0.7864768683274022,0.17793594306049823,0.028469750889679717
299,0.007067137809187281,0.7915194346289753,0.17314487632508838,0.028268551236749123
300,0.00711743772241993,0.7935943060498222,0.1708185053380783,0.02846975088967972
301,0.007042253521126762,0.7922535211267606,0.16901408450704225,0.03169014084507042
302,0.006944444444444444,0.7916666666666666,0.17013888888888887,0.031249999999999997
303,0.006944444444444444,0.7916666666666666,0.17013888888888887,0.031249999999999997
304,0.006920415224913496,0.7923875432525952,0.17301038062283738,0.027681660899653984
305,0.006825938566552901,0.78839590443686,0.17406143344709898,0.030716723549488054
306,0.006825938566552901,0.7849829351535836,0.17406143344709898,0.034129692832764506
307,0.006825938566552901,0.7781569965870307,0.17747440273037543,0.03754266211604096
308,0.006849315068493151,0.7842465753424658,0.17123287671232876,0.037671232876712334
309,0.006779661016949153,0.7796610169491526,0.17627118644067796,0.03728813559322034
310,0.006578947368421053,0.7861842105263158,0.17105263157894737,0.03618421052631579
311,0.006557377049180329,0.7836065573770492,0.1737704918032787,0.036065573770491806
312,0.006514657980456026,0.7850162866449512,0.1726384364820847,0.035830618892508145
313,0.006535947712418301,0.7777777777777779,0.17973856209150327,0.03594771241830066
314,0.006557377049180329,0.7704918032786886,0.18032786885245902,0.042622950819672135
315,0.006557377049180329,0.7704918032786886,0.18032786885245902,0.042622950819672135
316,0.006430868167202573,0.7717041800643087,0.18006430868167203,0.04180064308681672
317,0.0064516129032258064,0.767741935483871,0.18387096774193548,0.04193548387096774
318,0.009771986970684038,0.762214983713355,0.18566775244299674,0.04234527687296417
319,0.009523809523809523,0.7555555555555556,0.19047619047619047,0.044444444444444446
320,0.009554140127388533,0.7579617834394904,0.18789808917197448,0.04458598726114649
321,0.00974025974025974,0.7532467532467533,0.19155844155844157,0.045454545454545456
322,0.00970873786407767,0.7508090614886732,0.19417475728155342,0.045307443365695796
323,0.016077170418006433,0.7427652733118971,0.19614147909967847,0.04501607717041801
324,0.016025641025641028,0.7500000000000001,0.1891025641025641,0.04487179487179487
325,0.016077170418006433,0.7556270096463023,0.1832797427652733,0.04501607717041801
326,0.015873015873015872,0.7555555555555556,0.1841269841269841,0.044444444444444446
327,0.015723270440251572,0.7547169811320754,0.18238993710691823,0.04716981132075471
328,0.015873015873015872,0.7619047619047619,0.1746031746031746,0.047619047619047616
329,0.015873015873015872,0.7555555555555556,0.17777777777777778,0.050793650793650794
330,0.01597444089456869,0.7539936102236421,0.17252396166134185,0.05750798722044728
331,0.015723270440251572,0.7578616352201257,0.17295597484276728,0.05345911949685534
332,0.015576323987538943,0.7538940809968848,0.17757009345794394,0.052959501557632405
333,0.015625,0.7593749999999999,0.171875,0.053125
334,0.015822784810126583,0.7658227848101267,0.1677215189873418,0.05063291139240507
335,0.018987341772151896,0.7531645569620253,0.1772151898734177,0.05063291139240506
336,0.01886792452830189,0.757861635220126,0.1729559748427673,0.05031446540880504
337,0.018633540372670804,0.7546583850931676,0.17701863354037267,0.04968944099378882
338,0.01892744479495268,0.7539432176656152,0.17665615141955837,0.05047318611987382
339,0.018987341772151896,0.7531645569620253,0.18037974683544303,0.04746835443037974
340,0.01869158878504673,0.7538940809968848,0.18068535825545173,0.04672897196261683
341,0.01857585139318885,0.7585139318885449,0.1764705882352941,0.04643962848297213
342,0.01857585139318885,0.7585139318885449,0.17337461300309595,0.049535603715170275
343,0.018461538461538463,0.7630769230769232,0.16923076923076924,0.049230769230769245
344,0.018518518518518517,0.7592592592592593,0.17283950617283952,0.04938271604938272
345,0.018633540372670804,0.7608695652173914,0.17391304347826086,0.04658385093167702
346,0.015479876160990712,0.7647058823529411,0.17337461300309595,0.04643962848297213
347,0.015384615384615384,0.76,0.17846153846153845,0.046153846153846156
348,0.015337423312883437,0.7638036809815951,0.17484662576687118,0.04601226993865031
349,0.01529051987767584,0.764525993883792,0.1743119266055046,0.045871559633027525
350,0.015151515151515152,0.7636363636363636,0.17575757575757572,0.045454545454545456
351,0.01818181818181818,0.7666666666666666,0.16969696969696968,0.045454545454545456
352,0.018018018018018018,0.7657657657657658,0.1711711711711712,0.04504504504504505
353,0.017910447761194027,0.7611940298507461,0.1761194029850746,0.04477611940298507
354,0.01780415430267062,0.7596439169139466,0.17507418397626112,0.04747774480712166
355,0.017699115044247787,0.7610619469026548,0.17404129793510326,0.04719764011799411
356,0.017857142857142853,0.7648809523809523,0.1726190476190476,0.04464285714285714
357,0.01749271137026239,0.7638483965014579,0.17201166180758018,0.046647230320699715
358,0.01759530791788856,0.7595307917888563,0.17595307917888564,0.04692082111436951
359,0.01780415430267062,0.7596439169139466,0.172106824925816,0.05044510385756676
360,0.012048192771084338,0.7620481927710843,0.17469879518072287,0.05120481927710843
361,0.011940298507462687,0.764179104477612,0.17313432835820894,0.050746268656716415
362,0.011869436201780416,0.7626112759643917,0.17507418397626112,0.05044510385756676
363,0.01457725947521866,0.7580174927113703,0.17784256559766767,0.04956268221574344
364,0.01466275659824047,0.7595307917888563,0.17888563049853373,0.04692082111436951
365,0.014792899408284025,0.7514792899408285,0.1863905325443787,0.04733727810650888
366,0.01457725947521866,0.7492711370262392,0.18950437317784258,0.046647230320699715
367,0.011695906432748537,0.7543859649122807,0.18421052631578946,0.049707602339181284
368,0.011560693641618498,0.7572254335260116,0.18208092485549135,0.04913294797687861
369,0.011661807580174927,0.7638483965014576,0.18075801749271134,0.043731778425655975
370,0.011695906432748537,0.7602339181286549,0.18421052631578946,0.043859649122807015
371,0.01146131805157593,0.7478510028653294,0.18911174785100282,0.05157593123209168
372,0.011428571428571429,0.7399999999999999,0.19714285714285712,0.05142857142857142
373,0.011764705882352941,0.738235294117647,0.1941176470588235,0.055882352941176466
374,0.01445086705202312,0.7427745664739883,0.19075144508670516,0.052023121387283225
375,0.014285714285714285,0.7457142857142857,0.18857142857142856,0.05142857142857142
376,0.014204545454545454,0.7414772727272727,0.19318181818181815,0.05113636363636363
377,0.013966480446927372,0.7402234636871508,0.19553072625698323,0.050279329608938536
378,0.013927576601671309,0.7353760445682451,0.20055710306406685,0.05013927576601671
379,0.01111111111111111,0.7388888888888888,0.19999999999999998,0.049999999999999996
380,0.011235955056179777,0.7415730337078652,0.19943820224719103,0.047752808988764044
381,0.011331444759206798,0.7422096317280452,0.19830028328611896,0.048158640226628885
382,0.011331444759206798,0.7337110481586401,0.20396600566572234,0.050991501416430586
383,0.011428571428571429,0.7314285714285714,0.20571428571428568,0.05142857142857142
384,0.011396011396011397,0.7350427350427351,0.20512820512820512,0.04843304843304843
385,0.011396011396011397,0.7321937321937322,0.21082621082621084,0.045584045584045586
386,0.01142857142857143,0.7285714285714286,0.2142857142857143,0.04571428571428572
387,0.011396011396011397,0.7236467236467237,0.21937321937321938,0.045584045584045586
388,0.011461318051575931,0.7277936962750716,0.21203438395415475,0.04871060171919771
389,0.011560693641618498,0.7283236994219654,0.21098265895953758,0.04913294797687861
390,0.011560693641618498,0.7341040462427746,0.20520231213872833,0.04913294797687861
391,0.011363636363636364,0.7329545454545454,0.20454545454545453,0.05113636363636363
392,0.011428571428571429,0.7342857142857142,0.20285714285714285,0.05142857142857142
393,0.01149425287356322,0.7327586206896551,0.20689655172413793,0.04885057471264368
394,0.011494252873563218,0.735632183908046,0.2040229885057471,0.04885057471264367
395,0.011527377521613832,0.7435158501440922,0.1988472622478386,0.04610951008645533
396,0.011396011396011397,0.7407407407407407,0.19943019943019943,0.04843304843304843
397,0.011299435028248588,0.7401129943502825,0.20056497175141244,0.04802259887005649
398,0.011235955056179777,0.7387640449438202,0.20224719101123595,0.047752808988764044
399,0.0111731843575419,0.7374301675977654,0.20391061452513967,0.04748603351955307
400,0.011299435028248588,0.7372881355932204,0.20338983050847456,0.04802259887005649
401,0.008498583569405097,0.745042492917847,0.19830028328611896,0.048158640226628885
402,0.008571428571428572,0.7485714285714287,0.19714285714285715,0.04571428571428572
403,0.008498583569405097,0.745042492917847,0.19830028328611896,0.048158640226628885
404,0.00857142857142857,0.7428571428571428,0.19999999999999998,0.048571428571428564
405,0.008450704225352112,0.7464788732394366,0.20000000000000004,0.04507042253521128
406,0.011142061281337049,0.7409470752089137,0.20334261838440115,0.044568245125348196
407,0.008356545961002784,0.7465181058495821,0.1977715877437326,0.047353760445682444
408,0.008264462809917354,0.7520661157024793,0.19283746556473827,0.046831955922865
409,0.008108108108108107,0.7567567567567567,0.18918918918918917,0.045945945945945935
410,0.007978723404255319,0.7579787234042553,0.19148936170212766,0.0425531914893617
411,0.007978723404255319,0.7632978723404255,0.18617021276595744,0.0425531914893617
412,0.008,0.7573333333333334,0.192,0.04266666666666667
413,0.00804289544235925,0.7533512064343164,0.19571045576407506,0.04289544235924933
414,0.008,0.7546666666666667,0.19466666666666668,0.04266666666666667
415,0.007936507936507936,0.7566137566137566,0.1931216931216931,0.04232804232804233
416,0.007936507936507936,0.7592592592592593,0.19047619047619047,0.04232804232804233
417,0.007957559681697613,0.7586206896551725,0.19098143236074272,0.04244031830238727
418,0.007999999999999998,0.7573333333333333,0.18933333333333333,0.04533333333333332
419,0.008108108108108109,0.7513513513513513,0.1945945945945946,0.04594594594594595
420,0.008130081300813007,0.7479674796747967,0.1978319783197832,0.04607046070460704
421,0.01078167115902965,0.7493261455525606,0.1940700808625337,0.045822102425876005
422,0.010810810810810811,0.7486486486486487,0.1945945945945946,0.04594594594594595
423,0.008042895442359248,0.7479892761394101,0.19839142091152812,0.0455764075067024
424,0.008086253369272236,0.7493261455525606,0.1967654986522911,0.045822102425876005
425,0.010723860589812333,0.7479892761394102,0.19839142091152817,0.04289544235924933
426,0.010695187165775402,0.7486631016042782,0.19786096256684496,0.04278074866310161
427,0.010666666666666668,0.752,0.19466666666666668,0.04266666666666667
428,0.013262599469496022,0.7480106100795756,0.19628647214854114,0.04244031830238727
429,0.013368983957219251,0.7459893048128342,0.20053475935828874,0.040106951871657755
430,0.013227513227513229,0.7486772486772486,0.1984126984126984,0.03968253968253968
431,0.013368983957219251,0.7406417112299465,0.20588235294117646,0.040106951871657755
432,0.013333333333333332,0.7466666666666666,0.19999999999999996,0.039999999999999994
433,0.013440860215053765,0.7473118279569892,0.19623655913978497,0.043010752688172046
434,0.013020833333333332,0.7395833333333333,0.20052083333333331,0.04687499999999999
435,0.012987012987012988,0.7350649350649351,0.2051948051948052,0.046753246753246755
436,0.013020833333333332,0.7395833333333333,0.20052083333333331,0.04687499999999999
437,0.013020833333333332,0.7343749999999999,0.20572916666666666,0.04687499999999999
438,0.010443864229765013,0.7336814621409922,0.206266318537859,0.04960835509138381
439,0.010416666666666666,0.7369791666666665,0.20572916666666666,0.04687499999999999
440,0.010309278350515462,0.7396907216494844,0.20360824742268038,0.046391752577319575
441,0.01020408163265306,0.7423469387755102,0.20153061224489796,0.04591836734693877
442,0.00763358778625954,0.743002544529262,0.20356234096692108,0.04580152671755724
443,0.01020408163265306,0.7397959183673468,0.2040816326530612,0.04591836734693877
444,0.010256410256410256,0.7461538461538462,0.19999999999999998,0.04358974358974359
445,0.010075566750629724,0.743073047858942,0.2040302267002519,0.042821158690176324
446,0.0101010101010101,0.7449494949494948,0.20202020202020202,0.04292929292929292
447,0.010075566750629724,0.7405541561712846,0.20654911838790935,0.042821158690176324
448,0.0101010101010101,0.7323232323232323,0.2121212121212121,0.04545454545454545
449,0.010230179028132993,0.7237851662404092,0.21739130434782614,0.04859335038363172
450,0.012690355329949237,0.7208121827411167,0.2182741116751269,0.0482233502538071
451,0.012437810945273632,0.7288557213930348,0.21144278606965175,0.0472636815920398
452,0.012562814070351758,0.7286432160804021,0.21105527638190952,0.04773869346733668
453,0.012500000000000002,0.7225,0.21750000000000003,0.04750000000000001
454,0.012376237623762377,0.7227722772277229,0.21782178217821785,0.04702970297029703
455,0.01243781094527363,0.7288557213930347,0.21393034825870644,0.044776119402985065
456,0.012195121951219513,0.7268292682926829,0.2146341463414634,0.046341463414634146
457,0.014563106796116504,0.7281553398058253,0.2087378640776699,0.04854368932038835
458,0.014423076923076922,0.7283653846153847,0.2091346153846154,0.04807692307692308
459,0.014563106796116504,0.7354368932038835,0.19902912621359226,0.050970873786407765
460,0.014423076923076922,0.7355769230769231,0.19711538461538464,0.05288461538461539
461,0.014705882352941176,0.732843137254902,0.1985294117647059,0.05392156862745099
462,0.014634146341463415,0.726829268292683,0.20243902439024394,0.056097560975609764
463,0.012165450121654502,0.7299270072992701,0.20194647201946472,0.05596107055961071
464,0.012165450121654502,0.732360097323601,0.19951338199513385,0.05596107055961071
465,0.014598540145985401,0.732360097323601,0.19708029197080293,0.05596107055961071
466,0.012165450121654502,0.734793187347932,0.19708029197080293,0.05596107055961071
467,0.012135922330097087,0.7330097087378641,0.19902912621359226,0.0558252427184466
468,0.012165450121654502,0.732360097323601,0.20194647201946472,0.05352798053527981
469,0.012376237623762377,0.7400990099009901,0.19554455445544558,0.05198019801980198
470,0.012345679012345678,0.7382716049382716,0.19753086419753085,0.05185185185185185
471,0.00980392156862745,0.7426470588235293,0.19362745098039216,0.05392156862745098
472,0.009900990099009901,0.745049504950495,0.19306930693069307,0.05198019801980198
473,0.012254901960784315,0.7352941176470589,0.20098039215686278,0.05147058823529412
474,0.014634146341463412,0.7365853658536585,0.19756097560975608,0.05121951219512195
475,0.014527845036319613,0.7312348668280872,0.2033898305084746,0.05084745762711865
476,0.01452784503631961,0.7336561743341404,0.19854721549636803,0.053268765133171914
477,0.01694915254237288,0.7312348668280871,0.19854721549636803,0.053268765133171914
478,0.01699029126213592,0.7330097087378641,0.1966019417475728,0.05339805825242719
479,0.01694915254237288,0.728813559322034,0.20096852300242132,0.05326876513317192
480,0.016746411483253586,0.7344497607655502,0.19617224880382775,0.05263157894736842
481,0.01666666666666667,0.7333333333333334,0.19523809523809527,0.05476190476190477
482,0.01674641148325359,0.736842105263158,0.1937799043062201,0.052631578947368425
483,0.016587677725118485,0.7393364928909953,0.19194312796208532,0.05213270142180096
484,0.01631701631701632,0.7435897435897436,0.18648018648018652,0.05361305361305362
485,0.016203703703703706,0.7384259259259259,0.18981481481481485,0.05555555555555556
486,0.016355140186915886,0.7383177570093458,0.19158878504672897,0.05373831775700934
487,0.016241299303944315,0.7354988399071926,0.19489559164733178,0.05336426914153132
488,0.016018306636155607,0.7391304347826086,0.18993135011441648,0.05491990846681921
489,0.01616628175519631,0.7413394919168592,0.1893764434180139,0.05311778290993072
490,0.016203703703703703,0.7407407407407407,0.18981481481481483,0.053240740740740734
491,0.01627906976744186,0.7372093023255815,0.19534883720930232,0.051162790697674425
492,0.016241299303944315,0.7378190255220418,0.19489559164733178,0.05104408352668214
493,0.01631701631701632,0.731934731934732,0.19813519813519817,0.05361305361305362
494,0.01631701631701632,0.7342657342657344,0.1958041958041958,0.05361305361305362
495,0.016241299303944315,0.728538283062645,0.20185614849187933,0.05336426914153132
496,0.016241299303944315,0.728538283062645,0.20185614849187933,0.05336426914153132
497,0.016166281755196302,0.7297921478060047,0.20092378752886833,0.05311778290993071
498,0.016091954022988506,0.7333333333333333,0.2,0.05057471264367817
499,0.016018306636155607,0.7299771167048054,0.20137299771167047,0.05263157894736842
500,0.016166281755196306,0.7344110854503465,0.20092378752886836,0.04849884526558891
501,0.016241299303944315,0.740139211136891,0.19721577726218098,0.046403712296983764
502,0.016355140186915886,0.7429906542056074,0.1939252336448598,0.04672897196261682
503,0.01627906976744186,0.7418604651162791,0.1930232558139535,0.04883720930232558
504,0.016317016317016316,0.7365967365967366,0.19580419580419578,0.05128205128205129
505,0.016317016317016316,0.7342657342657343,0.19813519813519814,0.05128205128205129
506,0.016241299303944315,0.7331786542923435,0.19721577726218098,0.05336426914153132
507,0.01639344262295082,0.7353629976580796,0.19437939110070257,0.053864168618266976
508,0.01639344262295082,0.7400468384074942,0.19203747072599534,0.05152224824355972
509,0.01639344262295082,0.747072599531616,0.18501170960187358,0.05152224824355973
510,0.01650943396226415,0.75,0.18160377358490568,0.05188679245283019
511,0.01650943396226415,0.75,0.18160377358490568,0.05188679245283019
512,0.01650943396226415,0.7476415094339622,0.18396226415094338,0.05188679245283019
513,0.016129032258064516,0.7511520737327189,0.18202764976958527,0.05069124423963134
514,0.01609195402298851,0.749425287356322,0.18620689655172418,0.048275862068965524
515,0.016055045871559634,0.7477064220183487,0.1857798165137615,0.050458715596330285
516,0.016055045871559634,0.7500000000000001,0.1857798165137615,0.0481651376146789
517,0.016018306636155607,0.7482837528604119,0.1876430205949657,0.048054919908466824
518,0.016018306636155607,0.7505720823798627,0.18077803203661327,0.05263157894736842
519,0.016018306636155607,0.7459954233409611,0.1830663615560641,0.054919908466819226
520,0.01590909090909091,0.7477272727272728,0.17954545454545456,0.05681818181818182
521,0.016018306636155607,0.7482837528604118,0.17848970251716245,0.05720823798627002
522,0.016091954022988506,0.7471264367816092,0.17931034482758618,0.05747126436781609
523,0.016129032258064516,0.7488479262672811,0.17972350230414746,0.05529953917050691
524,0.016055045871559634,0.7454128440366973,0.1834862385321101,0.055045871559633024
525,0.016241299303944315,0.7470997679814385,0.18097447795823665,0.05568445475638051
526,0.016241299303944315,0.7517401392111369,0.17633410672853828,0.05568445475638051
527,0.01612903225806452,0.751152073732719,0.17741935483870971,0.055299539170506916
528,0.016018306636155607,0.7551487414187643,0.17391304347826086,0.05491990846681921
529,0.013793103448275862,0.7609195402298851,0.17011494252873566,0.05517241379310345
530,0.013921113689095127,0.7587006960556845,0.17169373549883993,0.05568445475638051
531,0.011709601873536299,0.756440281030445,0.17564402810304447,0.05620608899297423
532,0.011682242990654205,0.7570093457943924,0.17757009345794392,0.05373831775700934
533,0.011627906976744188,0.7558139534883722,0.17906976744186048,0.05348837209302326
534,0.011655011655011652,0.7575757575757575,0.17715617715617712,0.0536130536130536
535,0.011600928074245937,0.754060324825986,0.18329466357308583,0.05104408352668213
536,0.011547344110854502,0.7575057736720554,0.1801385681293302,0.050808314087759814
537,0.011600928074245941,0.7470997679814385,0.18561484918793505,0.05568445475638051
538,0.01149425287356322,0.7494252873563219,0.18390804597701152,0.05517241379310345
539,0.011520737327188942,0.7465437788018434,0.18663594470046085,0.055299539170506916
540,0.011547344110854502,0.7459584295612008,0.18706697459584293,0.055427251732101605
541,0.011520737327188942,0.7465437788018434,0.18663594470046085,0.055299539170506916
542,0.011655011655011656,0.7389277389277389,0.19347319347319347,0.05594405594405594
543,0.011655011655011658,0.731934731934732,0.1958041958041958,0.060606060606060615
544,0.011574074074074075,0.7268518518518519,0.1990740740740741,0.06250000000000001
545,0.011600928074245941,0.740139211136891,0.18329466357308588,0.06496519721577726
546,0.011737089201877934,0.7394366197183098,0.18544600938967135,0.06338028169014084
547,0.011627906976744188,0.7465116279069767,0.17906976744186048,0.06279069767441861
548,0.01149425287356322,0.7494252873563219,0.17701149425287357,0.062068965517241385
549,0.011574074074074073,0.7569444444444444,0.16898148148148148,0.0625
550,0.011494252873563218,0.7586206896551724,0.17011494252873563,0.05977011494252873
551,0.011574074074074075,0.7569444444444445,0.17129629629629634,0.06018518518518519
552,0.011494252873563218,0.7563218390804597,0.17471264367816092,0.05747126436781609
